p1 <-
structure(c(15.5982915157145, 16.3460593416238, 15.5877567457582, 
16.0300301874736, 16.8113250375454, 16.6696622526673, 17.187890647259, 
17.6311051391425, 16.7127749634936, 16.1821175843466, 15.774415330659, 
17.1549414625327, 16.2356646411255, 17.0770256973468, 16.9930311871443, 
16.4963945992402, 16.7655771002207, 17.2694154220242, 17.2618652482759, 
17.1423919351496, 16.291691514435, 15.962965385726, 15.0739981672874, 
14.043987886442, 15.3237809571247, 14.3648336752573, 15.0235535625775, 
13.1641288338786, 13.365677453505, 13.7902154137639, 13.7746058910211, 
14.3719070384471, 13.0864336946985, 13.799171492908, 13.4695164447379, 
12.5862313907646, 12.919560890449, 14.0199697278083, 13.36197872573, 
13.8389172511442, 13.3463922470171, 13.7450792053854, 13.9911605728572, 
14.350801267148, 15.3520064800937, 13.4989230728652, 14.7023310658258, 
13.755984839391, 14.8450078759366, 15.6970078714081, 15.2072634172854, 
14.874013391665, 16.0252953140077, 16.4451174598366, 16.4750467033722, 
15.9641444012298, 16.5161799063917, 15.9428502662988, 15.8760099684349, 
17.5943354483101, 17.4756051968273, 17.7079907171193, 17.6856848440873, 
16.6747632294675, 16.9824442222445, 17.023847587889, 16.913018427787, 
17.1606353759325, 16.3972282381144, 17.5138846474273, 16.6449505630303, 
17.101892404452, 16.3449287145811, 15.5825958659994, 15.5243815942038, 
15.2998814789979, 14.2941529316599, 14.0979041456177, 15.0447701861288, 
13.8792988999782, 13.6201320969292, 14.0846411118855, 13.265047136667, 
14.5357862207631, 13.2650075452832, 13.2377644357541, 13.3551842251681, 
12.5177068902897, 13.2742174947362, 12.4621800357087, 13.259845684964, 
12.9655081261455, 13.2320875898906, 14.2837953218619, 13.6132907818414, 
14.2585085617721, 13.5381063776928, 13.4990929718111, 14.7540418087182, 
15.1512331789263, 15.095175171523, 15.1732595901333, 15.3458235809483, 
15.7141845774511, 16.7751953727975, 16.1686901397998, 17.253691656384, 
17.2015931867828, 16.8924011851889, 17.5559243687323, 16.6488077104877, 
16.2827038683085, 15.687644968515, 16.9133477604673, 15.4154197491609, 
16.0023942882722, 17.1825204045543, 16.9474906934912, 17.0659344872376, 
16.1510913143854, 17.6411394034131, 15.6516001202172, 15.6082791704318, 
15.9546986435657, 15.440230995406, 15.1356522717067, 14.5764392260098, 
14.1126081594349, 14.0552931110389, 13.3844175837189, 13.9742375620057, 
14.1298051214294, 13.1540955078115, 14.1573567452062, 13.9748869239232, 
13.6907298602445, 12.7893263529272, 13.5264938834227, 13.1533330117287, 
12.8013048004775, 13.1623043428607, 13.0404969739935, 14.0720185541861, 
13.3319910541709, 13.7492303074034, 13.3528580605944, 13.4159634082593, 
13.8666583683029, 13.8499867413814, 14.0228060898819, 13.9267675330138, 
14.3590045577511, 14.9816207213314, 14.4327068022314, 16.1691805581813, 
15.5571186768567, 16.0285328006757, 16.7087986632008, 16.269097989696, 
16.8561795303391, 15.6902960266044, 16.6940298520257, 17.6484925755228, 
17.0777169498536, 17.3091803316172, 16.1391836444324, 16.1801097920343, 
16.281329461089, 16.1702400104018, 17.0760679878012, 17.0308191442884, 
16.7255511850262, 17.2157613623092, 16.4907300615382, 16.0745625925346, 
15.584627487089, 15.7297571918609, 15.0034321896795, 15.4938873157078, 
15.0940111128828, 15.4841938393417, 15.1146426976592, 15.0175858830095, 
14.1526888256696, 13.8105785170671, 13.6601696755774, 12.7559492065789, 
12.9818928347641, 13.2316809030126, 13.6949821976674, 13.8034726272334, 
13.5969747256269, 12.6047946875566, 13.469932236604, 13.108300448079, 
13.3032090557627, 14.0290922170297, 13.3071248408673, 13.6803751779279, 
14.8271913887642, 13.861089043697, 14.654670561212, 14.8767396283378, 
13.8875691889375, 13.7312808894502, 14.6714558457897, 15.2856221342929, 
14.3286662143971, 15.6106232410064, 15.5220324625023, 16.7957076349288, 
16.6969732799767, 16.6527519965824, 16.7481290692706, 17.3845949110614, 
16.8138067331566, 16.9890900099226, 16.4908577924863, 16.7848157578633, 
16.7392884285097, 17.1183886153721, 16.5277930547972, 17.0325605939002, 
16.1438520901103, 16.5825399372721, 16.2080880930801, 15.6489972678071, 
15.4558731091966, 15.2584609600395, 14.6246172609358, 14.8719158044421, 
15.1085079842245, 16.080751254816, 14.8571464792839, 15.0662431400048, 
14.6982130635803, 13.6262371761037, 14.2513021651257, 13.8239924118917, 
12.9113977402349, 13.2486052784981, 13.418506467804, 12.9654369218213, 
13.0398279771498, 12.7978919262416, 12.5200008519462, 13.3853673276976, 
13.8528926357548, 13.592810788501, 13.61566604559, 14.5259999612921, 
13.8607470962574, 14.2410510635747, 14.5684331210296, 13.9206284059886, 
14.2790288998669, 14.3311472881617, 14.4931453931198, 15.3823660256731, 
14.3941547047389, 15.718307550565, 16.2369719506818, 16.123690034778, 
16.2965621549207, 15.9933299746626, 16.6065919928051, 15.6945388062921, 
16.6106327857828, 16.1201580250039, 17.4283536636991, 17.1361681023187, 
17.2120135768976, 17.0040246182913, 16.3943566923042, 16.9380419885355, 
16.7313882718304, 16.2093448640856, 15.8873758104008, 15.751835912263, 
15.7549211062257, 14.982782329035, 15.378413452824, 13.9562890347781, 
14.3566517936338, 13.9157327264969, 14.4118653126479, 14.4500777159796, 
14.2318825709145, 13.8586545971485, 14.3704401601409, 13.5913525310545, 
13.6365990812013, 14.0457010042042, 13.6063910291414, 13.3066027425053, 
14.1617365839665, 12.9013055455217, 13.3385635795789, 13.9046453314439, 
14.296285015775, 14.9156504368975, 14.0306470019667, 13.8857204943315, 
13.1916229307938, 14.878992426961, 13.7688162588965, 14.837013749965, 
15.0775383903797, 15.4988680101428, 15.52899083872, 14.4503584595858, 
15.8941186829522, 15.705197364312, 16.1193568370491, 15.8909936754663, 
16.8005894317274, 17.1104556136817, 16.9798554261441, 17.1076910135573, 
17.3246757891555, 17.0889828274485, 17.1011591480472, 16.130431571421, 
17.4295351326833, 16.8550666398319, 17.0264060880619, 17.7864155395685, 
16.5821472735809, 17.0444767802997, 16.5145723626345, 16.0208539630413, 
15.7499198687038, 14.9285805003789, 15.4337375886373, 13.6663601093288, 
15.0437348333249, 14.5558914977177, 14.4531177167826, 13.6632590645466, 
13.4609030562441, 14.1026784911783, 13.395347168598, 13.8536486529297, 
13.5979635515649, 13.7019581540063, 12.9220428794989, 13.0479247499599, 
12.1635602151776, 13.0683830497394, 12.8751007633488, 13.2472552911377, 
13.735744780589, 13.7408355626086, 14.5863442185504, 14.3355354027271, 
14.1057022191365, 14.1717123746398, 15.0713541823195, 14.7783128979963, 
15.2397011585273, 15.4643970909487, 14.8976083367219, 15.9188615717737, 
14.5324515448623, 16.0113788657349, 16.8631299360713, 16.0699667472634, 
16.5576345431161, 16.6636883039585, 16.2133731245868, 16.8007254186384, 
16.5785864736965, 17.2247127657319, 17.9913226945686, 16.5357586569779, 
16.8254519432652, 16.9948879843657, 16.7584179672137, 16.6722341286322, 
16.3650135563889, 16.4260540763395, 16.1967366929554, 16.2653295491625, 
16.0017541665496, 15.6755275631022, 14.7286301089983, 15.2956096454042, 
14.7224574138284, 14.8278752500482, 14.062679099692, 13.9528431431821, 
14.308876624069, 13.783319055949, 13.6184945035329, 13.0348711774771, 
12.8077666294844, 12.5722661550954, 12.8870267982925, 13.6433602973906, 
13.3445746056273, 13.0320436939945, 13.28795082861, 13.3342402280752, 
12.8539457510751, 12.8585765255808, 13.9235343911515, 13.8793488693045, 
14.2023192229916, 14.0044939361213, 14.4208907439935, 15.0112608669298, 
14.5438364551008, 15.7014601298558, 14.8703174125245, 16.0292099975627, 
15.8837592771826, 15.4957315256317, 15.9563819023304, 16.0681436620336, 
15.5608745455604, 16.4619833240013, 16.6200784754206, 17.7709612173503, 
17.4701214151276, 17.6404846591337, 18.1017832100186, 17.3069807239534, 
17.38604615885, 16.9391821329846, 17.214728682686, 17.2339685542557, 
16.9081837622271, 16.0977012192511, 15.0581957500829, 15.7786468310817, 
14.8085150399695, 15.6954451982009, 15.8166942947836, 15.0491220100622, 
